	13.0	14.0	15.0	16.0	17.0	18.0	19.0	20.0	21.0	22.0	23.0	24.0	25.0	26.0	27.0	28.0	29.0	30.0	31.0	32.0	33.0	34.0	35.0	36.0	37.0
104974-001-001_S1_L001_1	6.0	151.0	1085.0	3643.0	7752.0	12542.0	17602.0	23930.0	31511.0	42508.0	57056.0	73050.0	94098.0	118987.0	155778.0	200253.0	260518.0	332023.0	430030.0	560808.0	787294.0	1230425.0	2706360.0	19416912.0	4024183.0
	11.0	12.0	13.0	14.0	15.0	16.0	17.0	18.0	19.0	20.0	21.0	22.0	23.0	24.0	25.0	26.0	27.0	28.0	29.0	30.0	31.0	32.0	33.0	34.0	35.0	36.0	37.0
104974-001-001_S1_L001_2	3.0	32.0	449.0	2393.0	7754.0	16661.0	30320.0	47928.0	71158.0	104510.0	145333.0	182954.0	205167.0	212741.0	224685.0	240172.0	270749.0	305563.0	366139.0	450798.0	597589.0	832400.0	1325039.0	2498958.0	6576640.0	15260253.0	612117.0
	13.0	14.0	15.0	16.0	17.0	18.0	19.0	20.0	21.0	22.0	23.0	24.0	25.0	26.0	27.0	28.0	29.0	30.0	31.0	32.0	33.0	34.0	35.0	36.0	37.0
104974-001-002_S1_L001_1	9.0	258.0	1402.0	4712.0	10142.0	16393.0	23754.0	31965.0	44381.0	60645.0	81954.0	106198.0	138586.0	179011.0	240527.0	317125.0	418732.0	536510.0	699668.0	914925.0	1290527.0	1992787.0	4309996.0	28346681.0	5132168.0
	11.0	12.0	13.0	14.0	15.0	16.0	17.0	18.0	19.0	20.0	21.0	22.0	23.0	24.0	25.0	26.0	27.0	28.0	29.0	30.0	31.0	32.0	33.0	34.0	35.0	36.0	37.0
104974-001-002_S1_L001_2	1.0	27.0	367.0	2233.0	7630.0	17901.0	34024.0	56093.0	87931.0	128125.0	179977.0	229517.0	264642.0	281844.0	306337.0	330268.0	372358.0	422653.0	511063.0	633908.0	844782.0	1180898.0	1876716.0	3538526.0	9459362.0	23122364.0	1009509.0
	13.0	14.0	15.0	16.0	17.0	18.0	19.0	20.0	21.0	22.0	23.0	24.0	25.0	26.0	27.0	28.0	29.0	30.0	31.0	32.0	33.0	34.0	35.0	36.0	37.0
104974-001-003_S1_L001_1	7.0	98.0	610.0	2109.0	4586.0	7493.0	11634.0	17421.0	26911.0	39476.0	55645.0	70943.0	86496.0	103338.0	130926.0	164515.0	210897.0	269873.0	350631.0	455411.0	618303.0	928901.0	2002404.0	13504802.0	2877915.0
	12.0	13.0	14.0	15.0	16.0	17.0	18.0	19.0	20.0	21.0	22.0	23.0	24.0	25.0	26.0	27.0	28.0	29.0	30.0	31.0	32.0	33.0	34.0	35.0	36.0	37.0
104974-001-003_S1_L001_2	12.0	198.0	1158.0	3968.0	9222.0	17331.0	28342.0	43866.0	63188.0	87536.0	112029.0	134325.0	150562.0	174479.0	202341.0	237501.0	256460.0	302254.0	369712.0	482513.0	645008.0	978494.0	1749648.0	4503211.0	10898821.0	489166.0
	13.0	14.0	15.0	16.0	17.0	18.0	19.0	20.0	21.0	22.0	23.0	24.0	25.0	26.0	27.0	28.0	29.0	30.0	31.0	32.0	33.0	34.0	35.0	36.0	37.0
104974-001-004_S1_L001_1	2.0	37.0	388.0	1385.0	3103.0	5293.0	7958.0	11529.0	17466.0	25119.0	34492.0	43374.0	53700.0	65666.0	82387.0	103414.0	130292.0	162924.0	212895.0	290987.0	463081.0	670019.0	1264544.0	8334426.0	1875892.0
	12.0	13.0	14.0	15.0	16.0	17.0	18.0	19.0	20.0	21.0	22.0	23.0	24.0	25.0	26.0	27.0	28.0	29.0	30.0	31.0	32.0	33.0	34.0	35.0	36.0	37.0
104974-001-004_S1_L001_2	13.0	115.0	644.0	2289.0	5564.0	11264.0	19142.0	29980.0	44259.0	63333.0	81870.0	98086.0	108901.0	124947.0	141678.0	167924.0	185800.0	215007.0	257653.0	328712.0	442180.0	675238.0	1213631.0	3014659.0	6379689.0	247795.0
	13.0	14.0	15.0	16.0	17.0	18.0	19.0	20.0	21.0	22.0	23.0	24.0	25.0	26.0	27.0	28.0	29.0	30.0	31.0	32.0	33.0	34.0	35.0	36.0	37.0
104974-001-005_S1_L001_1	4.0	75.0	491.0	1663.0	3733.0	6234.0	9439.0	13518.0	20634.0	29903.0	42612.0	56074.0	71256.0	89026.0	115187.0	145251.0	186741.0	234488.0	301214.0	390492.0	543875.0	817460.0	1743183.0	12600510.0	3250513.0
	11.0	12.0	13.0	14.0	15.0	16.0	17.0	18.0	19.0	20.0	21.0	22.0	23.0	24.0	25.0	26.0	27.0	28.0	29.0	30.0	31.0	32.0	33.0	34.0	35.0	36.0	37.0
104974-001-005_S1_L001_2	1.0	15.0	187.0	876.0	2997.0	7199.0	14091.0	24499.0	38340.0	55127.0	76683.0	100914.0	121885.0	140661.0	165584.0	194247.0	232358.0	269192.0	322468.0	395960.0	512423.0	685863.0	1022971.0	1826798.0	4604777.0	9468362.0	389098.0
	13.0	14.0	15.0	16.0	17.0	18.0	19.0	20.0	21.0	22.0	23.0	24.0	25.0	26.0	27.0	28.0	29.0	30.0	31.0	32.0	33.0	34.0	35.0	36.0	37.0
104974-001-006_S1_L001_1	7.0	36.0	278.0	928.0	2234.0	3700.0	5430.0	7848.0	11575.0	16974.0	24212.0	31672.0	40632.0	49834.0	63518.0	79915.0	101579.0	127496.0	165554.0	219952.0	323746.0	513449.0	1148512.0	8894743.0	2400514.0
	12.0	13.0	14.0	15.0	16.0	17.0	18.0	19.0	20.0	21.0	22.0	23.0	24.0	25.0	26.0	27.0	28.0	29.0	30.0	31.0	32.0	33.0	34.0	35.0	36.0	37.0
104974-001-006_S1_L001_2	12.0	105.0	469.0	1604.0	4110.0	8353.0	13959.0	22036.0	32611.0	46680.0	60407.0	72716.0	82320.0	96326.0	110263.0	128525.0	133113.0	153473.0	185519.0	241406.0	332841.0	530180.0	1012944.0	2851660.0	7754783.0	357923.0
	13.0	14.0	15.0	16.0	17.0	18.0	19.0	20.0	21.0	22.0	23.0	24.0	25.0	26.0	27.0	28.0	29.0	30.0	31.0	32.0	33.0	34.0	35.0	36.0	37.0
104974-001-007_S1_L001_1	14.0	178.0	1731.0	6536.0	13425.0	22768.0	37204.0	51936.0	68666.0	90669.0	125343.0	175724.0	250131.0	347859.0	476296.0	616256.0	801294.0	1014638.0	1311490.0	1681532.0	2298986.0	3396684.0	7348610.0	38123203.0	5092547.0
	11.0	12.0	13.0	14.0	15.0	16.0	17.0	18.0	19.0	20.0	21.0	22.0	23.0	24.0	25.0	26.0	27.0	28.0	29.0	30.0	31.0	32.0	33.0	34.0	35.0	36.0	37.0
104974-001-007_S1_L001_2	1.0	32.0	582.0	3898.0	14371.0	33068.0	55203.0	75693.0	103185.0	144222.0	205125.0	275910.0	341253.0	383619.0	426588.0	481038.0	565882.0	659159.0	833702.0	1043917.0	1337196.0	1870726.0	3040678.0	5600442.0	14162392.0	30275440.0	1420398.0
	13.0	14.0	15.0	16.0	17.0	18.0	19.0	20.0	21.0	22.0	23.0	24.0	25.0	26.0	27.0	28.0	29.0	30.0	31.0	32.0	33.0	34.0	35.0	36.0	37.0
104974-001-008_S1_L001_1	3.0	113.0	877.0	3331.0	7767.0	13543.0	23060.0	34623.0	49870.0	66531.0	89304.0	120665.0	169391.0	232873.0	315225.0	405330.0	522975.0	657387.0	843474.0	1095927.0	1497366.0	2113122.0	4418670.0	24470774.0	4006400.0
	12.0	13.0	14.0	15.0	16.0	17.0	18.0	19.0	20.0	21.0	22.0	23.0	24.0	25.0	26.0	27.0	28.0	29.0	30.0	31.0	32.0	33.0	34.0	35.0	36.0	37.0
104974-001-008_S1_L001_2	15.0	209.0	1243.0	4985.0	12431.0	22707.0	32931.0	47858.0	69774.0	103405.0	142321.0	178871.0	204115.0	233280.0	268374.0	321468.0	382654.0	489194.0	628157.0	808927.0	1137477.0	1900424.0	3604960.0	9555577.0	20082659.0	924585.0
	13.0	14.0	15.0	16.0	17.0	18.0	19.0	20.0	21.0	22.0	23.0	24.0	25.0	26.0	27.0	28.0	29.0	30.0	31.0	32.0	33.0	34.0	35.0	36.0	37.0
104974-001-009_S1_L001_1	2.0	130.0	1165.0	4860.0	10861.0	17715.0	27841.0	38893.0	52109.0	67588.0	91287.0	127252.0	189495.0	275738.0	392668.0	523156.0	690233.0	886431.0	1166228.0	1499197.0	2010187.0	2791342.0	5748329.0	32016877.0	4907597.0
	12.0	13.0	14.0	15.0	16.0	17.0	18.0	19.0	20.0	21.0	22.0	23.0	24.0	25.0	26.0	27.0	28.0	29.0	30.0	31.0	32.0	33.0	34.0	35.0	36.0	37.0
104974-001-009_S1_L001_2	22.0	320.0	2304.0	10893.0	31201.0	55598.0	70741.0	83386.0	109158.0	155234.0	210856.0	249484.0	258752.0	273424.0	300097.0	351042.0	418425.0	552084.0	695389.0	873377.0	1224551.0	2045189.0	4021985.0	11892390.0	28198623.0	1452656.0
	13.0	14.0	15.0	16.0	17.0	18.0	19.0	20.0	21.0	22.0	23.0	24.0	25.0	26.0	27.0	28.0	29.0	30.0	31.0	32.0	33.0	34.0	35.0	36.0	37.0
104974-001-010_S1_L001_1	2.0	117.0	927.0	3920.0	9221.0	15342.0	23492.0	33382.0	45057.0	58348.0	78744.0	111729.0	168501.0	247832.0	360214.0	492621.0	670687.0	883793.0	1174793.0	1529093.0	2067102.0	2909498.0	6146932.0	33490614.0	4351054.0
	12.0	13.0	14.0	15.0	16.0	17.0	18.0	19.0	20.0	21.0	22.0	23.0	24.0	25.0	26.0	27.0	28.0	29.0	30.0	31.0	32.0	33.0	34.0	35.0	36.0	37.0
104974-001-010_S1_L001_2	11.0	275.0	2193.0	9575.0	22690.0	35745.0	45722.0	57797.0	79244.0	117400.0	167490.0	210013.0	228712.0	249579.0	282848.0	338014.0	406672.0	538261.0	701033.0	905223.0	1283882.0	2160953.0	4334272.0	12811286.0	28611362.0	1272763.0
	13.0	14.0	15.0	16.0	17.0	18.0	19.0	20.0	21.0	22.0	23.0	24.0	25.0	26.0	27.0	28.0	29.0	30.0	31.0	32.0	33.0	34.0	35.0	36.0	37.0
104974-001-011_S1_L001_1	2.0	58.0	679.0	3166.0	6593.0	10290.0	15890.0	22265.0	32307.0	45959.0	66983.0	98266.0	149738.0	221002.0	316972.0	426292.0	568987.0	739569.0	972389.0	1259518.0	1719547.0	2412411.0	5067839.0	27869107.0	3857921.0
	11.0	12.0	13.0	14.0	15.0	16.0	17.0	18.0	19.0	20.0	21.0	22.0	23.0	24.0	25.0	26.0	27.0	28.0	29.0	30.0	31.0	32.0	33.0	34.0	35.0	36.0	37.0
104974-001-011_S1_L001_2	1.0	15.0	253.0	2276.0	10264.0	25952.0	40847.0	50008.0	60857.0	78857.0	111317.0	150992.0	183281.0	191961.0	206977.0	233707.0	280465.0	342248.0	460431.0	595404.0	770396.0	1095332.0	1853818.0	3684668.0	10715619.0	23649322.0	1088482.0
	15.0	16.0	17.0	18.0	19.0	20.0	21.0	22.0	23.0	24.0	25.0	26.0	27.0	28.0	29.0	30.0	31.0	32.0	33.0	34.0	35.0	36.0	37.0
104974-001-012_S1_L001_1	5.0	24.0	102.0	409.0	1276.0	2975.0	5245.0	8444.0	15532.0	26966.0	46812.0	77095.0	125003.0	187488.0	269373.0	364566.0	493928.0	665974.0	966748.0	1595481.0	3898396.0	28886533.0	7027741.0
	12.0	13.0	14.0	15.0	16.0	17.0	18.0	19.0	20.0	21.0	22.0	23.0	24.0	25.0	26.0	27.0	28.0	29.0	30.0	31.0	32.0	33.0	34.0	35.0	36.0	37.0
104974-001-012_S1_L001_2	1.0	9.0	74.0	315.0	864.0	1542.0	2470.0	3831.0	6251.0	11009.0	18267.0	28478.0	42956.0	60990.0	82504.0	112402.0	152410.0	211780.0	294545.0	431942.0	658190.0	1144291.0	2386116.0	7723301.0	29015998.0	2275580.0
	14.0	15.0	16.0	17.0	18.0	19.0	20.0	21.0	22.0	23.0	24.0	25.0	26.0	27.0	28.0	29.0	30.0	31.0	32.0	33.0	34.0	35.0	36.0	37.0
104974-001-013_S1_L001_1	1.0	15.0	50.0	169.0	556.0	1796.0	4023.0	6989.0	12437.0	22329.0	38044.0	65311.0	107403.0	173419.0	261240.0	381616.0	524795.0	716819.0	967184.0	1394446.0	2256197.0	5396737.0	43711951.0	13285587.0
	13.0	14.0	15.0	16.0	17.0	18.0	19.0	20.0	21.0	22.0	23.0	24.0	25.0	26.0	27.0	28.0	29.0	30.0	31.0	32.0	33.0	34.0	35.0	36.0	37.0
104974-001-013_S1_L001_2	26.0	286.0	763.0	1553.0	2622.0	3987.0	6201.0	10680.0	19310.0	31753.0	49776.0	72578.0	100225.0	133405.0	180961.0	244041.0	340640.0	474267.0	697331.0	1064233.0	1801259.0	3592106.0	10917120.0	44096732.0	5487259.0
	14.0	15.0	16.0	17.0	18.0	19.0	20.0	21.0	22.0	23.0	24.0	25.0	26.0	27.0	28.0	29.0	30.0	31.0	32.0	33.0	34.0	35.0	36.0	37.0
104974-001-014_S1_L001_1	2.0	5.0	30.0	59.0	264.0	890.0	2145.0	3996.0	6917.0	12523.0	21710.0	39377.0	66623.0	112312.0	171135.0	250281.0	341026.0	461897.0	624301.0	909097.0	1494649.0	3649008.0	32720517.0	10638638.0
	12.0	13.0	14.0	15.0	16.0	17.0	18.0	19.0	20.0	21.0	22.0	23.0	24.0	25.0	26.0	27.0	28.0	29.0	30.0	31.0	32.0	33.0	34.0	35.0	36.0	37.0
104974-001-014_S1_L001_2	1.0	5.0	103.0	470.0	1084.0	1820.0	2594.0	3657.0	5662.0	9154.0	14161.0	22008.0	33409.0	47900.0	64605.0	89533.0	122389.0	174230.0	246221.0	360441.0	562466.0	979567.0	2020529.0	6866420.0	36004399.0	3894574.0
	14.0	15.0	16.0	17.0	18.0	19.0	20.0	21.0	22.0	23.0	24.0	25.0	26.0	27.0	28.0	29.0	30.0	31.0	32.0	33.0	34.0	35.0	36.0	37.0
104974-001-015_S1_L001_1	1.0	10.0	44.0	191.0	696.0	2172.0	5192.0	9621.0	16147.0	28950.0	49716.0	86373.0	144367.0	228919.0	338736.0	479956.0	642334.0	860583.0	1151916.0	1659120.0	2709807.0	6560686.0	52135359.0	15010828.0
	12.0	13.0	14.0	15.0	16.0	17.0	18.0	19.0	20.0	21.0	22.0	23.0	24.0	25.0	26.0	27.0	28.0	29.0	30.0	31.0	32.0	33.0	34.0	35.0	36.0	37.0
104974-001-015_S1_L001_2	2.0	20.0	164.0	666.0	1738.0	3016.0	4761.0	7193.0	12288.0	21295.0	35011.0	56836.0	85292.0	120747.0	158520.0	216090.0	289387.0	390421.0	522365.0	741020.0	1106914.0	1878344.0	3804044.0	12512865.0	55245163.0	4907562.0
	14.0	15.0	16.0	17.0	18.0	19.0	20.0	21.0	22.0	23.0	24.0	25.0	26.0	27.0	28.0	29.0	30.0	31.0	32.0	33.0	34.0	35.0	36.0	37.0
104974-001-016_S1_L001_1	1.0	11.0	45.0	225.0	801.0	2006.0	4517.0	7870.0	13769.0	24641.0	42696.0	75387.0	128811.0	214398.0	332301.0	494717.0	698276.0	978318.0	1347265.0	1971649.0	3202419.0	7645906.0	64491774.0	19379942.0
	12.0	13.0	14.0	15.0	16.0	17.0	18.0	19.0	20.0	21.0	22.0	23.0	24.0	25.0	26.0	27.0	28.0	29.0	30.0	31.0	32.0	33.0	34.0	35.0	36.0	37.0
104974-001-016_S1_L001_2	6.0	146.0	672.0	1805.0	3342.0	4860.0	6356.0	8773.0	13029.0	21424.0	33965.0	54477.0	84185.0	123020.0	165931.0	231267.0	317291.0	449481.0	637548.0	938738.0	1437015.0	2472236.0	5063921.0	15801664.0	65309208.0	7877385.0

