	12.0	13.0	14.0	15.0	16.0	17.0	18.0	19.0	20.0	21.0	22.0	23.0	24.0	25.0	26.0	27.0	28.0	29.0	30.0	31.0	32.0	33.0	34.0	35.0	36.0	37.0
104974-001-001_S1_L001_1	1.0	158.0	2198.0	10757.0	24958.0	40768.0	52013.0	61600.0	70067.0	83276.0	100481.0	126643.0	153663.0	189206.0	227952.0	281430.0	339175.0	421354.0	514264.0	657758.0	869060.0	1417373.0	3034770.0	6773082.0	41552543.0	5702422.0
	11.0	12.0	13.0	14.0	15.0	16.0	17.0	18.0	19.0	20.0	21.0	22.0	23.0	24.0	25.0	26.0	27.0	28.0	29.0	30.0	31.0	32.0	33.0	34.0	35.0	36.0	37.0
104974-001-001_S1_L001_2	32.0	511.0	4179.0	16766.0	42863.0	78297.0	126430.0	179152.0	246571.0	313569.0	392381.0	467529.0	568906.0	702510.0	889744.0	944470.0	929053.0	1002955.0	1322746.0	1934838.0	3203548.0	5324811.0	8209422.0	9703555.0	10408565.0	15304875.0	388694.0
	12.0	13.0	14.0	15.0	16.0	17.0	18.0	19.0	20.0	21.0	22.0	23.0	24.0	25.0	26.0	27.0	28.0	29.0	30.0	31.0	32.0	33.0	34.0	35.0	36.0	37.0
104974-001-002_S1_L001_1	1.0	230.0	3058.0	13922.0	31549.0	50437.0	65598.0	79540.0	91633.0	113395.0	137977.0	172410.0	207127.0	253555.0	303456.0	376023.0	456995.0	568867.0	692274.0	884241.0	1155323.0	1770067.0	3330535.0	9595538.0	39294854.0	5021269.0
	11.0	12.0	13.0	14.0	15.0	16.0	17.0	18.0	19.0	20.0	21.0	22.0	23.0	24.0	25.0	26.0	27.0	28.0	29.0	30.0	31.0	32.0	33.0	34.0	35.0	36.0	37.0
104974-001-002_S1_L001_2	10.0	349.0	3030.0	13482.0	35907.0	69537.0	118437.0	172995.0	238864.0	295307.0	353185.0	388239.0	415321.0	434620.0	492373.0	570943.0	701457.0	866437.0	1157375.0	1621924.0	2540133.0	4033008.0	6203550.0	8060634.0	12198680.0	23019272.0	664805.0
	12.0	13.0	14.0	15.0	16.0	17.0	18.0	19.0	20.0	21.0	22.0	23.0	24.0	25.0	26.0	27.0	28.0	29.0	30.0	31.0	32.0	33.0	34.0	35.0	36.0	37.0
104974-001-003_S1_L001_1	1.0	90.0	1346.0	6261.0	15100.0	24518.0	32253.0	40666.0	49705.0	66018.0	87283.0	117887.0	150659.0	188416.0	223660.0	269252.0	320434.0	387198.0	466024.0	588645.0	762272.0	1145429.0	2406972.0	6233935.0	43569288.0	5745651.0
	11.0	12.0	13.0	14.0	15.0	16.0	17.0	18.0	19.0	20.0	21.0	22.0	23.0	24.0	25.0	26.0	27.0	28.0	29.0	30.0	31.0	32.0	33.0	34.0	35.0	36.0	37.0
104974-001-003_S1_L001_2	31.0	612.0	3822.0	13420.0	31683.0	57879.0	96394.0	145121.0	211741.0	279341.0	359929.0	444164.0	569261.0	730084.0	891762.0	960218.0	1135748.0	1482038.0	2205990.0	3399708.0	5290394.0	7406860.0	9522966.0	9202257.0	7359861.0	10811648.0	286031.0
	12.0	13.0	14.0	15.0	16.0	17.0	18.0	19.0	20.0	21.0	22.0	23.0	24.0	25.0	26.0	27.0	28.0	29.0	30.0	31.0	32.0	33.0	34.0	35.0	36.0	37.0
104974-001-004_S1_L001_1	3.0	45.0	740.0	4125.0	10522.0	17697.0	23500.0	29262.0	36413.0	50114.0	70359.0	98891.0	129190.0	167810.0	208293.0	261664.0	315460.0	395552.0	496026.0	680840.0	1082915.0	2655103.0	9166227.0	31008505.0	21230719.0	1485479.0
	11.0	12.0	13.0	14.0	15.0	16.0	17.0	18.0	19.0	20.0	21.0	22.0	23.0	24.0	25.0	26.0	27.0	28.0	29.0	30.0	31.0	32.0	33.0	34.0	35.0	36.0	37.0
104974-001-004_S1_L001_2	49.0	658.0	3582.0	10607.0	25158.0	45280.0	73465.0	106594.0	150176.0	191170.0	232079.0	264068.0	303132.0	353575.0	451022.0	576109.0	760065.0	986617.0	1360520.0	1946732.0	3114266.0	5321870.0	9960186.0	16586036.0	17701126.0	8953217.0	148095.0
	12.0	13.0	14.0	15.0	16.0	17.0	18.0	19.0	20.0	21.0	22.0	23.0	24.0	25.0	26.0	27.0	28.0	29.0	30.0	31.0	32.0	33.0	34.0	35.0	36.0	37.0
104974-001-005_S1_L001_1	1.0	65.0	1094.0	5368.0	13037.0	20995.0	28147.0	34711.0	42027.0	54185.0	71821.0	97041.0	124566.0	159054.0	194486.0	240532.0	283614.0	339268.0	402831.0	502967.0	641428.0	947004.0	1794403.0	4665412.0	44414409.0	7899091.0
	11.0	12.0	13.0	14.0	15.0	16.0	17.0	18.0	19.0	20.0	21.0	22.0	23.0	24.0	25.0	26.0	27.0	28.0	29.0	30.0	31.0	32.0	33.0	34.0	35.0	36.0	37.0
104974-001-005_S1_L001_2	27.0	682.0	4611.0	14618.0	33927.0	61196.0	102755.0	154370.0	217904.0	271861.0	332630.0	393875.0	487260.0	609015.0	791544.0	1009664.0	1423274.0	2135577.0	3584659.0	5936823.0	9094319.0	10343823.0	7760316.0	3836382.0	4967552.0	9199272.0	209621.0
	13.0	14.0	15.0	16.0	17.0	18.0	19.0	20.0	21.0	22.0	23.0	24.0	25.0	26.0	27.0	28.0	29.0	30.0	31.0	32.0	33.0	34.0	35.0	36.0	37.0
104974-001-006_S1_L001_1	45.0	646.0	3287.0	7992.0	13428.0	17269.0	21050.0	25116.0	33442.0	45182.0	64181.0	85635.0	114144.0	143306.0	182153.0	222838.0	276882.0	337830.0	436012.0	584150.0	924502.0	1838806.0	5958456.0	45064580.0	6966176.0
	11.0	12.0	13.0	14.0	15.0	16.0	17.0	18.0	19.0	20.0	21.0	22.0	23.0	24.0	25.0	26.0	27.0	28.0	29.0	30.0	31.0	32.0	33.0	34.0	35.0	36.0	37.0
104974-001-006_S1_L001_2	35.0	627.0	3879.0	12127.0	25845.0	41243.0	63314.0	91050.0	126506.0	161519.0	198171.0	225564.0	257670.0	303628.0	392850.0	505468.0	666463.0	857823.0	1185384.0	1699991.0	2703318.0	4510270.0	8147652.0	13603897.0	16392885.0	10961635.0	228294.0
	12.0	13.0	14.0	15.0	16.0	17.0	18.0	19.0	20.0	21.0	22.0	23.0	24.0	25.0	26.0	27.0	28.0	29.0	30.0	31.0	32.0	33.0	34.0	35.0	36.0	37.0
104974-001-007_S1_L001_1	1.0	183.0	2743.0	15183.0	40607.0	70546.0	118391.0	176126.0	199955.0	212350.0	232304.0	266798.0	313666.0	388297.0	482640.0	602298.0	715656.0	894058.0	1101503.0	1415657.0	1851260.0	2947898.0	5251557.0	10496941.0	46523042.0	4260102.0
	11.0	12.0	13.0	14.0	15.0	16.0	17.0	18.0	19.0	20.0	21.0	22.0	23.0	24.0	25.0	26.0	27.0	28.0	29.0	30.0	31.0	32.0	33.0	34.0	35.0	36.0	37.0
104974-001-007_S1_L001_2	13.0	393.0	4115.0	20275.0	59206.0	112619.0	167656.0	210318.0	267148.0	330329.0	419399.0	520261.0	658000.0	821960.0	1026272.0	1073404.0	993740.0	1000977.0	1271898.0	1678866.0	2428264.0	3794425.0	6135858.0	9007793.0	16397864.0	29463708.0	715001.0
	12.0	13.0	14.0	15.0	16.0	17.0	18.0	19.0	20.0	21.0	22.0	23.0	24.0	25.0	26.0	27.0	28.0	29.0	30.0	31.0	32.0	33.0	34.0	35.0	36.0	37.0
104974-001-008_S1_L001_1	1.0	110.0	1511.0	8287.0	20886.0	37582.0	60991.0	90000.0	114641.0	142122.0	166333.0	198630.0	236744.0	296509.0	362497.0	449603.0	530606.0	666151.0	842920.0	1197225.0	2383012.0	7715373.0	7114355.0	5441971.0	23717072.0	2902324.0
	11.0	12.0	13.0	14.0	15.0	16.0	17.0	18.0	19.0	20.0	21.0	22.0	23.0	24.0	25.0	26.0	27.0	28.0	29.0	30.0	31.0	32.0	33.0	34.0	35.0	36.0	37.0
104974-001-008_S1_L001_2	11.0	218.0	1957.0	8505.0	24589.0	49518.0	77236.0	101511.0	133207.0	165944.0	205485.0	241057.0	276899.0	306730.0	360476.0	431895.0	546430.0	689318.0	953041.0	1288710.0	1889861.0	2970592.0	4881433.0	7169217.0	11971144.0	19530637.0	421835.0
	13.0	14.0	15.0	16.0	17.0	18.0	19.0	20.0	21.0	22.0	23.0	24.0	25.0	26.0	27.0	28.0	29.0	30.0	31.0	32.0	33.0	34.0	35.0	36.0	37.0
104974-001-009_S1_L001_1	71.0	1900.0	11274.0	28853.0	53166.0	83171.0	120773.0	147705.0	172315.0	192321.0	218381.0	254692.0	320304.0	406167.0	523812.0	644047.0	814367.0	1010482.0	1292165.0	1649952.0	2313207.0	3791867.0	9716685.0	43384433.0	3901965.0
	11.0	12.0	13.0	14.0	15.0	16.0	17.0	18.0	19.0	20.0	21.0	22.0	23.0	24.0	25.0	26.0	27.0	28.0	29.0	30.0	31.0	32.0	33.0	34.0	35.0	36.0	37.0
104974-001-009_S1_L001_2	12.0	263.0	2706.0	14874.0	51328.0	109813.0	161136.0	180276.0	208540.0	245230.0	302541.0	356410.0	395670.0	408801.0	456986.0	531345.0	667826.0	843648.0	1186170.0	1666709.0	2511202.0	3907937.0	5941149.0	8147156.0	14975854.0	27173225.0	607268.0
	13.0	14.0	15.0	16.0	17.0	18.0	19.0	20.0	21.0	22.0	23.0	24.0	25.0	26.0	27.0	28.0	29.0	30.0	31.0	32.0	33.0	34.0	35.0	36.0	37.0
104974-001-010_S1_L001_1	73.0	1477.0	8748.0	22598.0	42038.0	65728.0	94673.0	117604.0	138812.0	155306.0	178218.0	211256.0	272344.0	355494.0	472708.0	603211.0	792558.0	1003229.0	1299719.0	1674838.0	2471293.0	4070160.0	8843612.0	41213650.0	3521167.0
	11.0	12.0	13.0	14.0	15.0	16.0	17.0	18.0	19.0	20.0	21.0	22.0	23.0	24.0	25.0	26.0	27.0	28.0	29.0	30.0	31.0	32.0	33.0	34.0	35.0	36.0	37.0
104974-001-010_S1_L001_2	12.0	171.0	2178.0	13792.0	48827.0	97630.0	132661.0	144858.0	165060.0	196737.0	249979.0	315361.0	387206.0	453297.0	565642.0	665895.0	672999.0	700756.0	937995.0	1339558.0	2079971.0	3367670.0	5267269.0	7208039.0	14368038.0	27696316.0	552597.0
	12.0	13.0	14.0	15.0	16.0	17.0	18.0	19.0	20.0	21.0	22.0	23.0	24.0	25.0	26.0	27.0	28.0	29.0	30.0	31.0	32.0	33.0	34.0	35.0	36.0	37.0
104974-001-011_S1_L001_1	1.0	37.0	1134.0	6812.0	18862.0	34576.0	55751.0	84769.0	107786.0	132009.0	154471.0	182592.0	219524.0	284840.0	366471.0	476353.0	593006.0	764707.0	968161.0	1273554.0	1804050.0	3691032.0	5130421.0	11685065.0	39389538.0	3442475.0
	11.0	12.0	13.0	14.0	15.0	16.0	17.0	18.0	19.0	20.0	21.0	22.0	23.0	24.0	25.0	26.0	27.0	28.0	29.0	30.0	31.0	32.0	33.0	34.0	35.0	36.0	37.0
104974-001-011_S1_L001_2	14.0	340.0	3127.0	16385.0	53066.0	102344.0	140850.0	160719.0	196620.0	241930.0	312108.0	397892.0	520925.0	679160.0	933519.0	1107600.0	1043512.0	977407.0	1215388.0	1698651.0	2653398.0	4415452.0	7266671.0	9648797.0	13947200.0	22696072.0	438850.0
	13.0	14.0	15.0	16.0	17.0	18.0	19.0	20.0	21.0	22.0	23.0	24.0	25.0	26.0	27.0	28.0	29.0	30.0	31.0	32.0	33.0	34.0	35.0	36.0	37.0
104974-001-012_S1_L001_1	1.0	7.0	40.0	187.0	771.0	2286.0	4955.0	8221.0	12304.0	16459.0	24605.0	35835.0	57389.0	91957.0	149054.0	218886.0	313044.0	419341.0	585225.0	873843.0	1783464.0	2558216.0	4936685.0	29055930.0	4596312.0
	12.0	13.0	14.0	15.0	16.0	17.0	18.0	19.0	20.0	21.0	22.0	23.0	24.0	25.0	26.0	27.0	28.0	29.0	30.0	31.0	32.0	33.0	34.0	35.0	36.0	37.0
104974-001-012_S1_L001_2	6.0	40.0	381.0	1363.0	3106.0	5036.0	7593.0	10255.0	13413.0	19406.0	27677.0	39668.0	54309.0	72824.0	94368.0	124135.0	163218.0	224953.0	308145.0	450232.0	677487.0	1181397.0	2463660.0	8241384.0	29957440.0	1603521.0
	13.0	14.0	15.0	16.0	17.0	18.0	19.0	20.0	21.0	22.0	23.0	24.0	25.0	26.0	27.0	28.0	29.0	30.0	31.0	32.0	33.0	34.0	35.0	36.0	37.0
104974-001-013_S1_L001_1	1.0	14.0	90.0	308.0	1213.0	3290.0	7032.0	11260.0	16524.0	24196.0	36337.0	55033.0	90171.0	147162.0	236157.0	344560.0	490739.0	665288.0	927453.0	1360164.0	2741007.0	5602519.0	8910364.0	43366801.0	6614992.0
	12.0	13.0	14.0	15.0	16.0	17.0	18.0	19.0	20.0	21.0	22.0	23.0	24.0	25.0	26.0	27.0	28.0	29.0	30.0	31.0	32.0	33.0	34.0	35.0	36.0	37.0
104974-001-013_S1_L001_2	9.0	172.0	918.0	2395.0	4427.0	6730.0	9161.0	13034.0	19256.0	30833.0	46868.0	68992.0	93911.0	123906.0	156829.0	205522.0	270280.0	377757.0	522831.0	768484.0	1172188.0	2046591.0	4304568.0	13893563.0	45099873.0	2413577.0
	13.0	14.0	15.0	16.0	17.0	18.0	19.0	20.0	21.0	22.0	23.0	24.0	25.0	26.0	27.0	28.0	29.0	30.0	31.0	32.0	33.0	34.0	35.0	36.0	37.0
104974-001-014_S1_L001_1	1.0	6.0	28.0	147.0	603.0	1798.0	3756.0	6413.0	9734.0	13869.0	21074.0	31569.0	52005.0	85268.0	140623.0	209998.0	302022.0	406380.0	556865.0	774160.0	1217620.0	2435662.0	6924113.0	35669627.0	6695643.0
	12.0	13.0	14.0	15.0	16.0	17.0	18.0	19.0	20.0	21.0	22.0	23.0	24.0	25.0	26.0	27.0	28.0	29.0	30.0	31.0	32.0	33.0	34.0	35.0	36.0	37.0
104974-001-014_S1_L001_2	5.0	39.0	355.0	1427.0	2959.0	4727.0	6364.0	8084.0	10459.0	15250.0	21789.0	32382.0	46662.0	63981.0	82101.0	109813.0	144159.0	202731.0	281459.0	408817.0	627180.0	1117855.0	2426382.0	9790744.0	37933389.0	2219871.0
	14.0	15.0	16.0	17.0	18.0	19.0	20.0	21.0	22.0	23.0	24.0	25.0	26.0	27.0	28.0	29.0	30.0	31.0	32.0	33.0	34.0	35.0	36.0	37.0
104974-001-015_S1_L001_1	14.0	56.0	321.0	1471.0	4013.0	8414.0	13981.0	20643.0	29422.0	45111.0	67818.0	111494.0	180741.0	287101.0	415890.0	585405.0	777284.0	1062229.0	1490300.0	2551493.0	5715402.0	10782226.0	54186928.0	8958595.0
	12.0	13.0	14.0	15.0	16.0	17.0	18.0	19.0	20.0	21.0	22.0	23.0	24.0	25.0	26.0	27.0	28.0	29.0	30.0	31.0	32.0	33.0	34.0	35.0	36.0	37.0
104974-001-015_S1_L001_2	6.0	88.0	641.0	2469.0	5656.0	9544.0	13928.0	18722.0	24798.0	36273.0	53394.0	80485.0	112203.0	150912.0	190794.0	247040.0	319580.0	430603.0	575074.0	804950.0	1182273.0	2040386.0	4244566.0	15340692.0	58200218.0	3211057.0
	13.0	14.0	15.0	16.0	17.0	18.0	19.0	20.0	21.0	22.0	23.0	24.0	25.0	26.0	27.0	28.0	29.0	30.0	31.0	32.0	33.0	34.0	35.0	36.0	37.0
104974-001-016_S1_L001_1	2.0	18.0	81.0	354.0	1646.0	4676.0	9372.0	14504.0	20877.0	28654.0	41215.0	61118.0	100803.0	167758.0	275393.0	414820.0	608987.0	851651.0	1217456.0	1820451.0	3577599.0	6315269.0	12060224.0	67072853.0	10269895.0
	11.0	12.0	13.0	14.0	15.0	16.0	17.0	18.0	19.0	20.0	21.0	22.0	23.0	24.0	25.0	26.0	27.0	28.0	29.0	30.0	31.0	32.0	33.0	34.0	35.0	36.0	37.0
104974-001-016_S1_L001_2	1.0	41.0	591.0	2432.0	5145.0	8408.0	11447.0	14090.0	17753.0	22793.0	32585.0	47803.0	72726.0	105718.0	148461.0	194294.0	261854.0	351024.0	496423.0	702377.0	1038796.0	1590907.0	2796273.0	5923923.0	19575387.0	67488346.0	4026078.0

